image: levine_map4.pgm
resolution: 0.050000
origin: [-35.518109, -36.567505, 0.000000]
negate: 0
occupied_thresh: 0.65
free_thresh: 0.196

