image: nikhil.pgm
resolution: 0.050000
origin: [-4.581572, -2.330495, 0.000000]
negate: 0
occupied_thresh: 0.65
free_thresh: 0.196

