image: nikhil_processed.pgm
resolution: 0.050000
origin: [-7.969707, -4.438220, 0.000000]
negate: 0
occupied_thresh: 0.65
free_thresh: 0.196

