image: levine_map3.pgm
resolution: 0.050000
origin: [-19.550288, -10.883456, 0.000000]
negate: 0
occupied_thresh: 0.65
free_thresh: 0.196

