image: levine_map2.pgm
resolution: 0.050000
origin: [-38.046292, -38.114899, 0.000000]
negate: 0
occupied_thresh: 0.65
free_thresh: 0.196

